SampleID	Gammaproteobacteria	Myxococcota	Bacteroidota	Desulfobacterota	Alphaproteobacteria	Firmicutes	Spirochaetota	Nitrospirota	Verrucomicrobiota	Acidobacteriota	Others
E1_MRE_Int1_1	0.564804425	0.232477282	0.046321612	0.043002766	0.010999605	0.005547215	0.043271434	0.018696168	0.002291584	0.007886211	0.024701699
E1_MRE_Int1_2	0.699530259	0.159072216	0.021275429	0.030176747	0.010820493	0.006872475	0.041344519	0.009449654	0.001005282	0.003235181	0.017217744
E1_MRE_Int1_3	0.666255385	0.205987402	0.024135766	0.031820248	0.007251553	0.005584778	0.02775072	0.008333874	0.001017382	0.00454575	0.017317142
E1_MRE_Int3_1	0.540869183	0.143402811	0.060757615	0.037578489	0.056498262	0.013025378	0.052761023	0.020280018	0.004685289	0.010194968	0.059946964
E1_MRE_Int3_2	0.567714366	0.119024512	0.045534233	0.022367968	0.087030022	0.018094731	0.039852237	0.012037066	0.002786213	0.010299596	0.075259055
E1_MRE_Int3_3	0.624698317	0.080229055	0.046155691	0.016549491	0.087319552	0.009264117	0.026338275	0.007660136	0.003612706	0.006625793	0.091546868
E1_MRE_Int5_1	0.301005025	0.20201005	0.067226759	0.028878769	0.194440955	0.01678706	0.079428392	0.030119347	0.006438442	0.012704146	0.060961055
E1_MRE_Int5_2	0.390794753	0.242450196	0.087218716	0.04303447	0.040723186	0.026890677	0.064410916	0.026245395	0.00662881	0.013163761	0.058439121
E1_MRE_Int5_3	0.362716592	0.200895918	0.056733565	0.029785122	0.127969648	0.020825946	0.054842446	0.026392927	0.010554807	0.013379666	0.095903364
E1_MRE_Int7_1	0.473816091	0.148428123	0.081741804	0.037607126	0.057884652	0.010170348	0.066644206	0.017792845	0.006990798	0.010738877	0.08818513
E1_MRE_Int7_2	0.412955895	0.201892494	0.085771841	0.031117472	0.091709075	0.014684054	0.062181934	0.024120017	0.007103478	0.009860051	0.05860369
E1_MRE_Int7_3	0.529403026	0.172481244	0.066927477	0.024983287	0.069007354	0.014633422	0.047960978	0.020798772	0.004035952	0.006041548	0.043726942
E1_MRS_Int1_1	0.281089638	0.047352932	0.143099986	0.133654898	0.03059826	0.017923356	0.014119822	0.054152545	0.079141124	0.053143227	0.145724212
E1_MRS_Int1_2	0.392607284	0.063923457	0.103883791	0.12161367	0.031569427	0.023407362	0.02690539	0.040951987	0.038990476	0.032713641	0.123433516
E1_MRS_Int1_3	0.390253031	0.054094877	0.110622485	0.133519575	0.02970072	0.020250491	0.018272225	0.038335583	0.045139214	0.037613784	0.122198014
E1_MRS_Int3_1	0.349106578	0.069694813	0.117390101	0.133934219	0.026782891	0.022058824	0.022691335	0.050245098	0.052498419	0.034926471	0.120671252
E1_MRS_Int3_2	0.347928057	0.059455096	0.128321886	0.116305987	0.031722583	0.025981146	0.019463016	0.046038104	0.06128261	0.032605882	0.130895634
E1_MRS_Int3_3	0.331075189	0.072003488	0.134750822	0.108659199	0.0307197	0.020340063	0.026544369	0.043513985	0.05954457	0.033704474	0.139144141
E1_MRS_Int5_1	0.260569628	0.055846182	0.115409325	0.120258199	0.022653573	0.099118943	0.020496818	0.060924498	0.058675967	0.04062653	0.145420338
E1_MRS_Int5_2	0.313953814	0.069643207	0.134168057	0.153019271	0.021610837	0.027064823	0.023652586	0.043212351	0.061494858	0.035194526	0.11698567
E1_MRS_Int5_3	0.298654022	0.065404868	0.147950137	0.116812638	0.038337542	0.035180807	0.019491161	0.048654022	0.059145129	0.031446456	0.138923217
E1_MRS_Int7_1	0.399103586	0.078203851	0.125564409	0.1062583	0.028403054	0.01185259	0.028353254	0.040388446	0.040687251	0.026842629	0.114342629
E1_MRS_Int7_2	0.320246137	0.089458899	0.143585713	0.107551334	0.032757006	0.013711457	0.034077988	0.044261253	0.046869775	0.033693398	0.133787038
E1_MRS_Int7_3	0.354983564	0.071378258	0.137502935	0.121742193	0.027324489	0.014322611	0.023244893	0.04094271	0.048397511	0.031521484	0.128639352
E1_NRE_Int1_1	0.367524966	0.364740294	0.040507002	0.025187614	0.021162028	0.060346865	0.047265556	0.01789724	0.003035809	0.009203451	0.043129173
E1_NRE_Int1_2	0.399381707	0.377674231	0.028562468	0.018369587	0.024440512	0.048231367	0.035059029	0.01655503	0.002172988	0.004704406	0.044848675
E1_NRE_Int1_3	0.42890019	0.337060362	0.040492147	0.010574883	0.020218009	0.073395525	0.03270131	0.009441058	0.002941209	0.00515273	0.039122577
E1_NRE_Int3_1	0.317963497	0.238944035	0.042622834	0.019959441	0.042053581	0.251182979	0.040630448	0.011812004	0.001956808	0.005763689	0.027110684
E1_NRE_Int3_2	0.47293214	0.338908708	0.02528413	0.026219857	0.018129715	0.043218902	0.034446459	0.012027994	0.001793477	0.006842505	0.020196113
E1_NRE_Int3_3	0.398274703	0.272714542	0.034870043	0.02041788	0.031845171	0.147546493	0.039463365	0.01926955	0.002212637	0.005433565	0.02795205
E1_NRE_Int5_1	0.564657414	0.284324627	0.024847006	0.020063197	0.013175473	0.014591416	0.040886365	0.009967601	0.001583937	0.005015799	0.020887165
E1_NRE_Int5_2	0.48993209	0.34736445	0.022140778	0.018896195	0.009281018	0.035248464	0.043289857	0.01104883	0.000948583	0.004322518	0.017527218
E1_NRE_Int5_3	0.40227982	0.420853315	0.026528127	0.032941311	0.007098272	0.033179189	0.038355408	0.013482911	0.001503387	0.00476707	0.01901119
E1_NRE_Int7_1	0.292418283	0.464376258	0.020928753	0.019061232	0.025540173	0.099020334	0.040636835	0.010516542	0.001335434	0.004267129	0.021899029
E1_NRE_Int7_2	0.321138684	0.383338667	0.027317953	0.032409158	0.030459954	0.120254269	0.035769354	0.018110145	0.002371047	0.004451168	0.0243796
E1_NRE_Int7_3	0.416692448	0.411259136	0.025465022	0.029950888	0.014260026	0.013911984	0.036495998	0.017972466	0.002001237	0.005723346	0.02626745
E1_NRS_Int1_1	0.406608246	0.103751424	0.099728525	0.086478275	0.021661767	0.014066082	0.024095199	0.053240122	0.038639529	0.029820095	0.121910737
E1_NRS_Int1_2	0.323830978	0.136172041	0.12669678	0.117314414	0.015745654	0.026219533	0.026370487	0.048096239	0.037332064	0.027403941	0.114817868
E1_NRS_Int1_3	0.417385031	0.083122409	0.116197743	0.085470085	0.018903684	0.017632026	0.022082829	0.052810486	0.045791913	0.02882017	0.111783623
E1_NRS_Int3_1	0.340616998	0.105109133	0.106986953	0.103182539	0.022558225	0.068113645	0.02331423	0.058188026	0.038605048	0.030240215	0.10308499
E1_NRS_Int3_2	0.461487075	0.116352019	0.089863491	0.101873366	0.023250073	0.016918385	0.02584955	0.04300029	0.031251815	0.025254139	0.064899797
E1_NRS_Int3_3	0.379184764	0.104844637	0.097494153	0.097093218	0.023070498	0.032292015	0.026110925	0.061727364	0.03810558	0.034029402	0.106047444
E1_NRS_Int5_1	0.451974237	0.06730141	0.114907122	0.103892467	0.027443293	0.019742369	0.015261831	0.037571175	0.046205545	0.027069915	0.088630636
E1_NRS_Int5_2	0.43545076	0.095313508	0.122939762	0.112851194	0.016657868	0.021643498	0.027157018	0.038360021	0.024341604	0.022288697	0.08299607
E1_NRS_Int5_3	0.470539348	0.099100132	0.103456182	0.116638964	0.017223591	0.018226629	0.021808907	0.036338626	0.028658222	0.019487591	0.068521809
E1_NRS_Int7_1	0.427089543	0.117602639	0.106394817	0.119589841	0.018004054	0.016652756	0.022296411	0.037717102	0.032709352	0.022216923	0.079726561
E1_NRS_Int7_2	0.406154616	0.127645734	0.090117588	0.124593445	0.024618464	0.029372029	0.021916437	0.041130848	0.033124844	0.020965724	0.08036027
E1_NRS_Int7_3	0.483607481	0.085004507	0.091200991	0.124267688	0.02112438	0.011998648	0.019490762	0.03920685	0.031771068	0.017406489	0.074921136
E1_unplanted_soil_1	0.321998532	0.051763696	0.115266897	0.10263181	0.031991654	0.007035394	0.013544518	0.054275017	0.068996718	0.050000231	0.182495534
E1_unplanted_soil_3	0.274415265	0.065417074	0.111738332	0.087476157	0.048425809	0.005018547	0.004835542	0.077270136	0.088729034	0.060785652	0.175888452
E1_unplanted_soil_4	0.334922928	0.058775089	0.111351505	0.091902049	0.036667989	0.005614739	0.009245604	0.054350674	0.06204661	0.045591681	0.189531132
E1_unplanted_soil_6	0.255189522	0.054965768	0.103857332	0.112673744	0.029276568	0.006536305	0.009977746	0.054382061	0.06464558	0.056838495	0.251656877
E2_MRE_Int2_1	0.324275387	0.207555452	0.161259791	0.037461763	0.015473039	0.008861332	0.09617152	0.022660869	0.009972428	0.012798178	0.10351024
E2_MRE_Int2_2	0.346313219	0.165566795	0.168845483	0.04560865	0.023383328	0.014035577	0.082204395	0.025169166	0.008705964	0.014482037	0.105685385
E2_MRE_Int2_3	0.379392925	0.145863123	0.166509725	0.042513863	0.019263186	0.010951069	0.059684488	0.019821202	0.013008754	0.016252223	0.126739441
E2_MRE_Int3_1	0.286705745	0.339651092	0.127630042	0.041801061	0.012382541	0.010904624	0.084031516	0.020071699	0.005761876	0.010664962	0.060394843
E2_MRE_Int3_2	0.497372447	0.129049425	0.096654028	0.021219983	0.026009446	0.011641056	0.076564891	0.011574536	0.00618639	0.014168829	0.10955897
E2_MRE_Int3_3	0.31816224	0.288380679	0.12576146	0.042221311	0.017700749	0.009824633	0.087252589	0.019915906	0.006522408	0.014726695	0.06953133
E2_MRE_Int4_1	0.345130966	0.154775296	0.103969147	0.041740318	0.047230703	0.04594515	0.069219026	0.018600354	0.012092238	0.017328191	0.143968611
E2_MRE_Int4_2	0.435215608	0.135384992	0.127099447	0.028050448	0.036060489	0.011254872	0.080682027	0.015224179	0.008101875	0.013183404	0.109742658
E2_MRE_Int4_3	0.457626729	0.165724528	0.094673468	0.026092651	0.050795073	0.021393446	0.075577922	0.016602325	0.008513718	0.010110759	0.072889379
E2_MRE_Int5_1	0.362173321	0.172739298	0.12595198	0.045634921	0.029631634	0.009650072	0.092953343	0.027386965	0.011253407	0.014299743	0.108325317
E2_MRE_Int5_2	0.365024058	0.224102649	0.107092159	0.034935383	0.054550818	0.009024206	0.084388769	0.024049186	0.006775068	0.012932544	0.077125159
E2_MRE_Int5_3	0.36983448	0.158631131	0.141987665	0.036599368	0.028155705	0.011491917	0.071816861	0.019325929	0.013158296	0.018604509	0.130394139
E2_MRS_Int2_1	0.262578788	0.049458957	0.120213502	0.093106715	0.033409844	0.03776369	0.015702991	0.068951069	0.053448464	0.051207782	0.214158196
E2_MRS_Int2_2	0.298830746	0.041850361	0.1132409	0.09332737	0.038144528	0.034438694	0.014844632	0.057866377	0.07249803	0.045790471	0.189167891
E2_MRS_Int2_3	0.258523479	0.045512834	0.103767632	0.097579841	0.034684199	0.068981661	0.016161534	0.072889739	0.047609355	0.048484602	0.205805125
E2_MRS_Int3_1	0.290499848	0.052154517	0.095407077	0.073648991	0.045199229	0.075108993	0.014376964	0.043090338	0.049984792	0.055033965	0.205495285
E2_MRS_Int3_2	0.281038988	0.054484775	0.083150079	0.060823222	0.04051432	0.113083072	0.012133599	0.050319509	0.037254547	0.049672729	0.21752516
E2_MRS_Int3_3	0.277635519	0.054815329	0.087908511	0.091120177	0.06069615	0.05629096	0.012933466	0.054489822	0.034048001	0.053187796	0.216874268
E2_MRS_Int4_1	0.332249982	0.05933619	0.094051856	0.087660687	0.056921345	0.041469969	0.016558937	0.046481226	0.041942044	0.040289781	0.183037984
E2_MRS_Int4_2	0.33132656	0.060976629	0.099502488	0.085120615	0.047493624	0.021301058	0.01367114	0.054496425	0.047368201	0.04316652	0.195576738
E2_MRS_Int4_3	0.318952752	0.060087016	0.101198382	0.094542401	0.05130906	0.024135562	0.014334784	0.05046943	0.048454316	0.042882223	0.193634074
E2_MRS_Int5_1	0.279604028	0.068629459	0.100716846	0.109404335	0.035057177	0.035483871	0.015343915	0.067724868	0.057364738	0.04348865	0.187182113
E2_MRS_Int5_2	0.29005691	0.065690675	0.095585665	0.115203378	0.034467329	0.046072962	0.0166394	0.070934183	0.054742229	0.03655075	0.174056518
E2_MRS_Int5_3	0.324640849	0.071908182	0.099781387	0.095695399	0.037801895	0.056058713	0.016487091	0.049370185	0.052337081	0.037932022	0.157987196
E2_NRE_Int2_1	0.422345248	0.250823611	0.076750638	0.028176166	0.037898491	0.023655594	0.053429442	0.013276857	0.008434272	0.012645216	0.072564465
E2_NRE_Int2_2	0.455596314	0.14304983	0.08869392	0.03020333	0.049124532	0.02908142	0.068209608	0.018076618	0.008861829	0.015164694	0.093937904
E2_NRE_Int2_3	0.521457091	0.103067395	0.068369261	0.02300284	0.096213701	0.037705794	0.057156032	0.013351079	0.005208388	0.008970584	0.065497836
E2_NRE_Int3_1	0.446791056	0.161827474	0.071163291	0.028913205	0.07365772	0.043680225	0.077781843	0.015653928	0.005576435	0.010964402	0.063990421
E2_NRE_Int3_2	0.519753618	0.179675685	0.049386804	0.043205175	0.038690378	0.010608118	0.065779161	0.023622656	0.003554437	0.011502246	0.054221722
E2_NRE_Int3_3	0.504475652	0.178999276	0.060582103	0.040388069	0.06378474	0.018639616	0.053212017	0.020113633	0.002814033	0.011885938	0.045104923
E2_NRE_Int4_1	0.464446903	0.13732056	0.066214367	0.019130536	0.082389424	0.06718982	0.070028827	0.013146784	0.004789914	0.008720846	0.066622019
E2_NRE_Int4_2	0.428888624	0.202962477	0.054510774	0.03382708	0.040860728	0.089604506	0.06774357	0.017405299	0.003531726	0.008985784	0.051679433
E2_NRE_Int4_3	0.446582805	0.163516159	0.095569213	0.018519786	0.065975882	0.027882338	0.080950491	0.011634751	0.005680496	0.01004695	0.07364113
E2_NRE_Int5_1	0.30427299	0.176618038	0.091392189	0.030430641	0.048277937	0.158336258	0.114754098	0.02601895	0.004127605	0.006801357	0.038969937
E2_NRE_Int5_2	0.403673884	0.138716486	0.089580239	0.040709763	0.049980458	0.075431877	0.09469241	0.037786289	0.004564996	0.008660986	0.056202611
E2_NRE_Int5_3	0.431869804	0.108220143	0.076386681	0.029266797	0.065359106	0.119929133	0.090866761	0.027211193	0.004610912	0.00583746	0.040442012
E2_NRS_Int2_1	0.366569121	0.06785793	0.115632078	0.081647993	0.061063118	0.017768736	0.018029304	0.041089575	0.052654787	0.037551863	0.140135495
E2_NRS_Int2_2	0.315564424	0.066071975	0.071828851	0.076813972	0.045491837	0.033248046	0.01750007	0.056762244	0.039978307	0.050595155	0.226145118
E2_NRS_Int2_3	0.31132373	0.055587457	0.093592035	0.080853748	0.045437267	0.038036929	0.0164425	0.057091788	0.03968684	0.049060602	0.212887102
E2_NRS_Int3_1	0.292271202	0.046320722	0.079098693	0.072607891	0.038580354	0.118477381	0.013340275	0.057341201	0.043243087	0.047419877	0.191299317
E2_NRS_Int3_2	0.337862976	0.055955082	0.073621824	0.06969147	0.043387024	0.094311479	0.016764973	0.049682396	0.039853675	0.036388385	0.182480717
E2_NRS_Int3_3	0.288067477	0.073102985	0.075097165	0.069368984	0.051228049	0.096209023	0.021223776	0.039629245	0.027155444	0.055511467	0.203406385
E2_NRS_Int4_1	0.293004653	0.066098143	0.063877245	0.073433835	0.048080991	0.064973272	0.013479214	0.049734646	0.037764873	0.047350306	0.242202823
E2_NRS_Int4_2	0.343715401	0.081170247	0.077703345	0.090665086	0.05397184	0.036570227	0.021170471	0.052596262	0.038683919	0.035451872	0.16830133
E2_NRS_Int4_3	0.300917998	0.070661914	0.073907762	0.084402007	0.044525867	0.02922259	0.014984667	0.061432156	0.039268788	0.044525867	0.236150384
E2_NRS_Int5_1	0.318168068	0.070361183	0.090658842	0.057323492	0.061437474	0.091838587	0.023110896	0.040746567	0.033910097	0.036481336	0.175963458
E2_NRS_Int5_2	0.345902361	0.060372198	0.099651064	0.078667756	0.049275408	0.052183207	0.01827984	0.048332338	0.043302631	0.039184559	0.164848637
E2_NRS_Int5_3	0.327097137	0.068598155	0.078558746	0.062838335	0.102031094	0.056125763	0.030553029	0.0416396	0.03174397	0.033086484	0.167727686
E2_unplanted_soil_1	0.243393782	0.056439674	0.096188009	0.055866025	0.050203553	0.092931162	0.003811991	0.031273131	0.045207254	0.061787565	0.262897853
E2_unplanted_soil_2	0.246320115	0.060651262	0.093833554	0.058146407	0.059441051	0.086150122	0.006473221	0.030142692	0.040077679	0.055219386	0.26354451
E2_unplanted_soil_3	0.284949521	0.051467807	0.090017748	0.054057199	0.067440575	0.064414768	0.004305956	0.02432283	0.042564953	0.054930028	0.261528614
E2_unplanted_soil_4	0.263480029	0.051886992	0.110339277	0.07431488	0.063619806	0.04000593	0.007793638	0.027489517	0.034245415	0.052395273	0.274429243
